308,35
0,386
316,11
316,10
316,9
316,8
316,7
316,6
316,5
319,4
319,3
319,2
0,542
319,1
319,0
318,4
318,3
318,2
318,1
318,0
317,3
317,2
317,1
317,0
316,4
316,3
316,2
316,1
316,0
315,3
315,2
315,1
315,0
314,3
314,2
314,1
314,0
313,3
313,2
313,1
313,0
312,3
312,2
312,1
312,0
311,3
311,2
311,1
311,0
310,3
310,2
310,1
310,0
309,3
309,2
309,1
309,0
0,273
0,270
10,204
10,311
10,255
10,12
10,206
10,192
10,294
10,283
10,3
11,14
11,9
11,12
11,26
11,2
11,3
9,5
9,2
9,3
8,6
8,8
8,10
8,4
8,11
8,16
8,3
12,2
12,1
12,3
19,2
19,1
19,3
307,4
307,3
307,2
307,1
307,0
306,4
306,3
306,2
306,1
306,0
304,11
304,10
304,9
304,8
304,7
304,6
304,5
304,4
304,3
304,2
304,1
304,0
303,3
303,2
303,1
303,0
302,3
302,2
302,1
302,0
301,3
301,2
301,1
301,0
300,3
300,2
300,1
